100
20000 20000 1
20001 20000 1
20002 20000 1
20003 20000 1
20004 20000 1
20005 20000 1
20006 20000 1
20007 20000 1
20008 20000 1
20009 20000 1
20010 20000 1
20011 20000 1
20012 20000 1
20013 20000 1
20014 20000 1
20015 20000 1
20016 20000 1
20017 20000 1
20018 20000 1
20019 20000 1
20020 20000 1
20021 20000 1
20022 20000 1
20023 20000 1
20024 20000 1
20025 20000 1
20026 20000 1
20027 20000 1
20028 20000 1
20029 20000 1
20030 20000 1
20031 20000 1
20032 20000 1
20033 20000 1
20034 20000 1
20035 20000 1
20036 20000 1
20037 20000 1
20038 20000 1
20039 20000 1
20040 20000 1
20041 20000 1
20042 20000 1
20043 20000 1
20044 20000 1
20045 20000 1
20046 20000 1
20047 20000 1
20048 20000 1
20049 20000 1
20050 20000 1
20051 20000 1
20052 20000 1
20053 20000 1
20054 20000 1
20055 20000 1
20056 20000 1
20057 20000 1
20058 20000 1
20059 20000 1
20060 20000 1
20061 20000 1
20062 20000 1
20063 20000 1
20064 20000 1
20065 20000 1
20066 20000 1
20067 20000 1
20068 20000 1
20069 20000 1
20070 20000 1
20071 20000 1
20072 20000 1
20073 20000 1
20074 20000 1
20075 20000 1
20076 20000 1
20077 20000 1
20078 20000 1
20079 20000 1
20080 20000 1
20081 20000 1
20082 20000 1
20083 20000 1
20084 20000 1
20085 20000 1
20086 20000 1
20087 20000 1
20088 20000 1
20089 20000 1
20090 20000 1
20091 20000 1
20092 20000 1
20093 20000 1
20094 20000 1
20095 20000 1
20096 20000 1
20097 20000 1
20098 20000 1
20099 20000 1
